mom( 1111111111 1111110111

AB 1111111111 mu 11101111111111,11 1111111 »nonum 111001.
Ι contnuo

' 0111101111.

071 0111111111. ³ 11111111111111111111.
2 11111] 1111111. 4 Demophilus.
1111111111.. 1001 Py 11111.
45:4¹⁸ ‘⁸¹¹¹ *mm ἔ 1111...

0810110111. 4001111. 1111011111. .
101111111111111111111. 1011011111111111.111101111111111.
onothydenmliissothyw. 1011111111. 111 1011111111
4 8111111111. . ³ 8111111011.

4 1111111. olii 1111111
8 111111. 1111 1111111. m 1 gfflihoffi.
11111111111111111111. 101111111111111111111101111·
4 1111111111.
108 1 nonogenes.
p ‘ 1 01111011.

91 1 Αή1111111111.1111.11111111111. 1 cop 1111111111[01111111111111. cor·

2 01111111. 111] olii 01111111111.
8 Pis-oder. 4 Chion.
4 (1111111111. 111 1111111111. 1111 101 1 Timocraten.

laoodtu. 1 (111ιί111111.

91 1 colio. ' ³ 111111.
2 1111111111. 4 Nicophonoo. 1111 1111111111.
1 0111111111. · 105 1 0111111111. 1111 0111111101-
4 0111111. ¹ 111111ιί1111.

93 1 1111111111. 1 Euchariston.
2 1111111111. 8 Cephisodotus
80111111 item. 4 1111111111.
4 1111111. 106 1 ulpino» 1111 Elpinicen.

94 1 011111111111111111111. 1 collisorum.
1 1111Ιί111. 1 01111111.
3 1111111. 1111111111. 4 Eudonos. 0111011111111111.
4 1111111111. 1111 xmo-otoo 101 1 Amoenus.

15111111. , 4111111111. dii molumm-
1111111111. λος. ,

8 11111111. 1 Apollodorus.
4 1111111111. 111181111111. 4 0111111111.

961 Phormio. 100 1 1111111111. 1111 1111111111, 11
1 0111111111. 11111111.

- 1 1111111011. 1 Themistocleo
4 0111111111. · 81111111. 1111 1111111111.

07 1 Philocles. 4 11111111111111111111.

2 1111111111. 109 1 1⁴! 111111.
3 0111111111111111. 1 Ρ111111111111110111111111.
4 Antipotor. 3111131111
90 1 01111111. 1111 Pyrgioo. 4 0111111111.
2 1111111111. 110 1 Theophrastus.
3 Myotiohidoo. 1 1.]11111111111.
4 011111111. 3 0111111111.11110111111111.

99 1 0111111111. 4 0111111111.

1. mmmm.. 111 1 Pythoclea-s. 1111 Pythodoro.

 

