³20

11111 11 11111111· 1 1. 1101. td 13·
11³7. 1111111 11111 1111 1 Ρ1111111
. 1111111 111 11111111 1111111 111, 11-
111111 1111111111. 1181, 2⁶· Bymrini

qm eju niiqmrb titionem. 111-

111 111111111111 111111, Pionia·

&qim 11111 11111. 1111, 1. 11111

iNDEX HISTORICUS

marorum-„iminium .

1111111, 11111111111111 oficiis 11111111-
1111111111111111111 rie-eriri, 1111
111111 111111111111111 internecium
1111 Pinnem 111111, 11 uu 1111-
11 1111111111, 111111 111111 iue-
111111 1111111111 11111111, 111111

1111111111111111111711111. 11 ,

1. 1311, 11.

111111111 1111111 Phormioni· 1111 11111111, 1111111111 1111111111, 111111-
1111 1111111111111111 1111 11111 ¹
proruit-r gratiamur», 11 11191,
11. 1111111 11111111111111 e moui·
1111 111111, 111 111111 111 11111111

Chalkedonion 1111111111. 1111111111-
111111 Apollodorum injudicio 11111.

. 1101. qumodo 11111111 1111111111,
11111111111111111,1111111111111
1111111. 110110.

1111111.

1111111111111111, 111111. 170, 11. 1111111111 11111 1111111111 erm rainero

Phaia. 1186, 11.

11 1111111. 967, 21.

111τυί111111, 111 11111111 111 111 11· Plutarchus, 11111111 11 11111111 11111111,

· mii· 1111111157, 15. 11111111
111 1111, 111 nummii ingentem
11111 11 1111111 1111111 1111111111.
11111111111111111111111 11111. 1119,

melida, 1111111 111111111111111,

. 11 1111111111 1111111, 11111111 1111111.
688,4. 1197, 3.

· nm AEgnienrir. 1111, 11.

11111111, Bononio 11111, 11 nemi·

. 111111, Patientis, 17111111, qum

· 1111111, in 1111111111 111111111, 11 Δ·

. 111111 111117111111011111111855,1.

- 11. 111111111111111111111111111111,
ἰ 11111111 1111111 11 111111 11111111
111 111111 1111111111.

Humor, 1111111111, 111 11 1111111111

2 1111111 1111111111111111111111111·

. 1111111111 111111111111118111111
11111111.100,15. 111111 1111111111
· 11 1111 11 F. ia. 11111111, 111 11 horno
1111111111111111111111111,11 111-

111111 11111111, 111 auxilia 111111 1111-

. 1111111111. 1111 11111 111111,

11111111 1111 11111111 111111. 58, 5.
Patiundum 1111111 111 Plutarchus 111
1111 1111111111, 1111 111111. 11 qnod
1111111111 111 11111111, 111 exonie
011111. cvm. trutinante clx. 1111-
1111 111 11111 1111111111, Philippi 111-

11 11111111 1111111111,111111 111111, =

1111 milio 1111111111, Hipponion
1111111111111111111,11111111 τᾷ 111-
5111 1111111111 1111111, 1111111111

1111111111,111111111111111,1111111- 1
1111,1111111111111, 11 0111111111 ’

11111111. 11114. 0111. wesseling 11
11111111111111

. 11.1111111111111,1Ρ11111111 1111111, ¹

111111111. 1111111111, 1111 11111
11111111 1111111. formidolosum 1111
1111115711. 111 1111111 1111111111,
11111Ιί11111, 11 1111111111 1111111.

11111111111111111111111111,11111111 11111111111(1111 111111 Prolem 111).
111111111111111111111111111. quun 1191111.
1111111111 11111111111111111 1111 11111111111111111111, (311111. 1017,

11111111 r· 11111111, 111, 26.

10.

111 711111 1111111 11111 1111111111, 11111111111111111. 1111 11111111

19. i 11111111111111111111. ibid. 15.
1111111111111 111111 1111111111 ie·

111 Philippi libidini 111111111111. 11111111,11111111111111,11111011,ῑὶΙ r

1111111111111111 11111 11111111111111
1111 1111111. 110, 15. 111, 16.

· 1111111111. 100115. hono 1111111

1111111111111. 1015, 15.

1111111111 11111111,111111 111 11111
1110111 1. 1117.

murmur, 1111 probrum 111 ’111111- ΡοΙ]11111111ο11111,11111 111111111111

11111111111111111111111. 417, 11.
Ρ1111111[11111111],11111Ρίῑ111111,1111·

avg-riorum 11 111111111111111111111111
111111. 16111. 0111111111851.

11111, 111111 11111111 1111111, 111 in· Poiyorrter 111111 11111111 11 1111111111-
111111 1111111 virus, 11111111111111 1111 11111111. 1611.

111. 1171, 5.
. pungo, 1111111 1111111111, 111 111111
11111111 eum 1111111111, 11 1111111

1111111111, 1111111111, 11 1111111 111111-

121131111111111111111111111 minin.
, .

111111 1111111 1111111111 1111111, 11 1111111111,11111111101111111111111-

111111111111111111111111111111111,

1111111111111111 1111111, 1111111 rr· ¹

1111111111, 1111111111 1111 1111- 1111111111. 150, 11.

111111 1111111111 1111111,111111111 1111111111, 1 (imm, 1111111 11111 ,

1111111111 11111111 11111111.991.11

1. 1026. .
Ρ111111111111 111ῳί111111 irriguit

0111111111 1111111111, ruit 11 legatis,
1111 1111111011111.01Χ. 11 11111111
11111111111111 1111111. 119, 11.

 

