361

111111. Parin. 01010. 8111111111. 1111011.
mss 7610 5338 530. 10 961. 9
639 111 1115 9713
1ο. 1 'm 10
51. 6 931). 10
51111 iba. 7
5015 991). 7

&gonew
32:23

61. ult. 15. 1. 4
61. 3 1001). 1
71. 9 11).0. 9
71). 13 1011. 3
70. 18 bed· 4
81. 3 109 1. 3
81. 8 10. n. 9
91. 13 1931. 1
. 91). 18 11). ο. 7
601. 3 11). pen.
601). 8 1016. 1
60 ο. 19 11). 1. 10
11. ut. 105 b. 10
11. 13 117 1
51. 6 11).. pen.
51. 11 118 ο. ,6
5ο. 17 11). pon.
61). 9 119 ο. 1
6ο. 10 11). 1. 9
71. 15. 190 ο. 3 ·
611. 13 111 b· 3
91. 19 11). 0. 10
9ο. 5 1151). 2
31. 11 11). 0. 10
31). 17 1161.
41. 1 11). 0.
11). 5 1171.
7 193
81. 6 1111.
35. 13 191 b.
80· pen. 1111.
91). 5 1951).
9ο. 10 im.
701. 17 196 ι.
70 ο. 9 11). 0.
1¹· Β 1971.
lb. 14 ’11). 0.
1ο. 101. 1981.
9ο. 1 133
31· 7 11). o. 9
31. 10 11). ult.
30· 17 1341. 6
11). 9 11).1“. 1

μ
33..-

κδ .
&QQQQQQQnu-mffivoeqojvvffloeze„gQoeQQQQQQ-ngvoeQozozffl

⁸——

mm-zoenugzooesreuo-fl-oeoeen—&venezza-esnone·-
Ξιοιοοοωκισιοιοιρ-ο-ωωοοιομμεειοωοο-τοιοιοιοιο-βοοςο-οι-..-

ξμῧῖἕ ι’·ὀζῶαιὶἒέἓξο-ωὸωὲξὲὃμΞῖἒμοιὲεῧέἑιοοιξΞΒᾱὸῗ-ἓὲἒέδὸἓῧῧθὲἑᾟ

μ
μωωοι-μκτοιιθο-«ειιμι-ιυιοιτο

4c. 4 135 ο. 1
51. 19 11). antem
56. 10 136 ο. 3
61. 3 11). e. 11

61). 0 137 ο. 3
61. 19 1111. 9
71161· 1331). 9
81. 1 111 1
31. 9 11). 6
ab. 1⁷ 1491. 9
91. 3 1111. 10
91). 8 114 ο. 1
90. 14 ib.e. 8
301111. 1161). 9

ΘΌὉωἺῆοἱοδυῑὺωωέθΙ-δμ

§.h
μ
’ὀῦιὲ ὕει’-ιο·

4³0
53
593
511
613
631
75
713
719
815
833
96
915
911
6016
6035
18
91
110
999
36
316
spen.
113
135
510
530
63
691
610
713
81
811·
033
919
931
709
7099
7010
111
130
93
31
319
339
113
139
55
595
513
616
635
79
793
91
91
993
91111).
8018
8037
19

- υ-ιρωιοιοι-ιμ
q ’Ξ

 

