INDEX GEOGRAPHICUS
ιΝ 111101111111111.

Amos 111, 11. ι 1111111111.
111111.1010,10.
01111111.917,111.

270, 20. sq. propter 0111111 1101 1111·

1111 1101111111 1111111111111,11011

cruciatui« 1111111111275, 12.

011111ιί1. 0101111111111101111111101· 0111111111. Ρ111111111111111110111,11110

01. 11711111. 11111111 Pythodoro.

1111111111111 11111 11 10 011111. 111·
1111111. 090, 27. 11111111 101 111111ιί1
01110011, 01111111111111111. 002, 17.
11111110111111111111101111111111 11·
vium 1110111111. 1200, 7.

1111111111 1111101111 111110111111111·
1101111011111111,0111101110111111·
0111111111011111111111011111101111.
11111111, 111 111111, (111 1111111οω111 ,
1111111111, 1111111,111111111111 111111·
1111 1111111111,111ι11 1101 obstringeret,
1110111111 regni 111 0111011. 70, 27.

01111111111011111111111110111111111 0111111,11110111111101.210,19 011111

1111. 011111. 091, 7.

Ε111111 1 111111 1111111111 011111.
01111. 100,9.1ι111111111“111111111

1101011 1101111111, 110111, Ι1111111111-
111 01111 1101 111101111, 11 111 11111111
1110 11111111011111. 000, 2.

01111’111111111ζοηίι.190,20.1011’1- Antron, 11111111. 01111111, 11110111 ¹

1111111111,1111111111111.1111111’1111111
1111111111 111 1111111 regi· 111111.
000001ςο079, 22. ,
Em. Enii 10 0101111111111. 100010.

111111,11111111111 Philippo 111111.
100, 20. 81101011111111 711111111-
111111 11 'thessalia 11111111.

01111011,111111111111 01111111, 10 120

11101110 11101. esea&

01111,1111111011111111111115. 0111111111. 117,20. .
0111111111111,1111111. 250, 23. 111111 0111111111, municipium 010111301111 ι

11110111111111 1. 075, 20.

uas. 1070, 9.

0110111111 11111 1111101111 1111111111,11111.1117,1ο.1111111111111111119.
1111 1111111111 0111111111 10111111 111111,1111111111111,1111111111·

1111, 1111111 1111111111· 0111111111. 110,
5.120,1.11111111111111111111,111111·

ἑέ1111111111111111011155001110

21101 ¹³³8·va ‘fimum 1111111011 10 111-11111111 111111 1111111 111111 11111

1111111111 Peloponnesi 111111111011, 11-

111111111111111.297,10.1077,19.

utun 1111111111111111. 129, 21. 100, 01111111 quomodo 1111111111 ’101111111111

111.

Amphipolin 1110111111 111111 Ρ11111111,
1110111111 1111111 1111111112, 19.
11111 10110111 11111 1111111111, 10111·
111111, 01011111110111111111111111’ ,1111
1101 11111111. 059, 0. 11 11111111101.

1111111111,11 11111111 (1111111111-
ἐξ 1111111 1 11111011 01111111. 070,

Β.

00,15.10011111011111110111,111111· 111111111111.770,20.χ
11111,Χ111111111111,11111111111111· 1111111111,11111111111 1111116111

1111, 010111 11110111111111111 10111· 0111111. ιι

apamaenum. 1111, 11.

1111 11111.100,19.11110111001101 Β111111,1111011101111111.00,20.
Amphipoli 1111111110111, Athenium 3111111111, 1111111111 1011111111 011111.

1 1111111111 1111 0111111111 1001111011

11111111111911. 1111111111111111,

1111111111 1111 1111111111111, 0111111·

111111 11 1111111111. 800, 20. 0011101111

10111111,11111111101111111111 1111 11·

1111111111. 009, 12. (10111111 10111111
, 1111 11110101 111 init· 111111 2010.

0111,1.111,11.11111111111111.
11111111111111111,1ι111111 0111110111.

252,0.111111011011111111111111101·
11111110 111011101111111. 25117.
1111111 1111 0101101111111111111111

111111, CXX 1111011 1111111111. 250,
1.111111111110111111

011111111111111 boum 1111111111.1111,10111,11110111111111.11,11

 

