886

INDEX HISTORICUS

1111111 11111111 1111111111 111111. 111- 11111 11111111, nomina 111111 111

111 1111 111111 11111111 1111111 11111-

1111 8111111. 158, 18111581, 9.

1 11111811118111111111111789,111. 118111111111111118111111111. 414,111.

mooun, 111111 81111111111111111. 898,
1111111811, 1 qoo 1111111 1111111181111
111. 418, 8. 668, 7.
Anthemio. 1157, 15.
monitum 1111111111 1111111111
11111111111, quom 111811 111111111-
. 111 1111111111 1111111 11111111. 159,
11111,11111111.1811, 14.
1111111811, 11111181111,11111111111
111811 1111111. 1886, 10.
111181111111111111111111111111111111,
1111111 111811111111111111111 8811
’ 11111 1181111111 1111111111. 881, 111.
111111111,1111111 8111111111. 978. 88.
11111111111111111111111111. 118180.
1181111 111111 111111 1111111111. 1187,
18. 11111111111111,1111111 (111Ιί111111,
11111 1111111111. 1197, 111.
111111111111, 81111 1111111111, 111111111,
1111111111 1111111111111111. 958, 18.
1111111111, 81111 111111111,111111111 111-
81111111111811111. 18911.
111111111, 11111111 1811111111 81111111
[111110111118111881111. 11111111·
, 111111,111111111 111111 11111111. 1191,
- 0. 11. 6.
1111111111 8111111111. 988, 88.
1111111111 1111111111. 1188, 19.

111111111111111111111111111111111-
111111111111, 11811111111181111. 415,

8. Sciat. ox ioooqoontibu configant,
111 od 11111111 11111111 18111181111.

Aponon», emtoribus 8111111011, qu

81111111111111111 111111 1111111111
1111111111 gout: 1111111111 111 11. 818.
18 1. 880. 11111 81111111 111, 111111
81111111111 111111 utinmotu 111.
11111111111111181118 1111111111-
1111 1111111111 1111111811 81111111

111111, 111 Ρ11111 inscripto, 1111111111. ¹

811111111111111111111111815, J
14. ont 8111118111 1111111ιὶ11, 11

hio 11111111111111. 81111 1111111111·
111 8111. 850, 15. 1111ιί nono 1811

811111811111111111811111111. Qud· ,
111111 1111111111 1111 11111111 111. ,

1111181111, 1111111111, 11 111181 11111
11111111111181111111111111111111111,
111 11111111 11111 1111. Voron θῑῖκ
1111111111 quoquo 1111118111. Quoad
orgo Domo idom, 11111 8111181118
oratoris 1111111 1111111111111, 1111-
111 1111 1111111111, 1111111111, 11111111
11111111111111111 811111111ιὶ1 11-
1111, 11111111111111111. 851, 12.

1111111181 8111111111, 11111 111111-

{otiosi} 1111111111 ontio 81111 111 1.

1111111111 Η111111111,811111181 11111, 11111111, nomon 111111. 1188, 17.

11118111, 111 1111111111 111 11111111 1111118111, 811111111111, 1181111111, 3

11111, 11111111 11111 11811111 1111111111-
oon 1111111, 111 111111111111111111
nmium. 1111118111 11111 811111, 11
1111111111111111,11111111 11111, 111
1111111111, 111 1111811111 111 1111-
11111111111111111. 1806, 22. 1817,
18171111111111111 111, oo.
1111111111, 111111 111, qoem 811111111-
ooo 11111111111111. 1491, 1. 11. 6. 111
1111111 18 1118111111 io' 11111 11111111
1181011ῗῇ111111111111 111. 1111111111,
18 Philippu 11111111, 1111111111 11-
1111 111. 1111111111. 171, 1. 118 11-
1111111 111 1111111111, 1111111 81-
81181118 18811
111 ’1111111111 11111 1118 81111111 1.

1111118111111 8111111111 1111111-
811, ot 1111 111 11811118111111, 11111·

quo 11111 1111111111 11111 1111111111. 3
1108, 15. 1111111111 1111 nomino 1
111111111111111111 1111. 111 Pboo- ³
1111111 119441. 111. 111111 81111 grom- 1

111 111111, 1111111111,111 1111111

11111 1111111111 11 Demosthene· 111· 1
11111111. 1181111111111111111111111- 1
111111 oe 18111111811111111,1111 ¹

1111 1111111. 1101, oq. 18411881

P=135Q 9. 11111111118111111181 1

ogero inoipit: 11111 11 Timotheo.

1184111. 11 Ρ11111111. 1886, 11111) 1
111111 111 1111111111111. mo, 11. 11 1
(1111111111. 1835, oq. 1111111111111111. ἒ

1816, 111. 111181111.1108,86. 111111·
11111 11 Peloponnesum 11111111, 11111
811181 11 81111111. 1217, 111. 111.
&whom 8111111118.

1111118111 111111111111. 1816, 14.

1111111,11111111118111111111,1111111 1111118111181111111985,111. ¹

111111111111111 1. 898. oq.
11111τᾶ 111ἱὶ018111 1811111111.

11111111, 11111 81111111,1111111 18111- 11111111811 0111111111,Ρ11111111 qm ,
110111111111111111111111111111- ³

111 [aptium logon 8111111181 111111-
juo· 8111118111, 1 Mino 11111·

11111181111 8111111111, 11 1111111111-

11111811111, ox 011111111,11111.1810, ,

1111111. 1 0111111111 1111111 od

111, 111 111 mundo-un. 1111111111111111, 11.

 

