TABELLA,60

111111. Parin. 11611. Euneon..

p. 9
10
11
11
13

15
16
17

11
114

“ὃῖ-ιὲ-ὃὸὃὸωὲΞΞΞὲ-’ἓίἒὲἓωὲἳ-ξὲ

1
11
1
3
3
3
4
4
5
5
6
6
6
7
7
8
8
9
9
9

10 7
10 17
10111.
11 18
11 87
. 1111
11 30
13 3

14 1
14 18
14 37
15 11
15 31
16 5
16 14
16 41
17 15
17 86
18 6
18 14
18 41
19 15

ἓῖὀ
q&

otene-*eteuu—
μὸιιμῗ-’ῗὸῗΞῗΞέ-ι

181
ib· bo4
18814
181
18810
3815
18 81
489
18815
581

1889 “.

181. 15

sm ’.ἶ

18 84

789 “..

7815
881
1889
18814
9815
1881

101. 8 “..

188. 15

1181

118. 9

11817 ..6

11 8. 1
11 ο. 9
131. 16

1883 ..

14 1. 10
11 8. 11
14 ο. 16
15 b. 11·
15 1. 9
16 a. 18

16819 ..

171. 1

1111 ’.ἶ

171. 14

18818 '..

101. 8

19810 ’ ι

19 8 14

198111. “.

1088

10814 ” ·

18111.
181
1810
1816

383 ..

31. 10

4818 “..

5818

 

