866

Puris. 116611. Mans. kaf.
144 5 6116111. 9846. 5
11. 4 161. 2
1611 9856 1
11. 17 166. 10
679 6 1 1051 1
96111. 161. 9
6801. 1 10551. 6
6806 8 161. 5
6801. 14 “ 10561. ³
1muiml
11. 4 16 ult.
11. 10 10551. 8
1615 ib. 111.
16111. 10566 6
56 4 16 ut.
56 9 10571. 5
41. 15 161. 11 ·
46 16 1058 6 10
51. 5 161. 10
56 9 1059 b. 9
5616 161. 7
61. 18 10606 4

Ῥ
2· εξ
εεοοοῆνοιοιο-ωιομεεοκὶοιυιὲ·

εεὲοφωωωηηαααᾳῴ,

= ο
...ιι-ι-

66 1 166. 8
71. 6 10611. 8
7610 168. 6
7615 10611. 5
Sapen. 161. 1
8ο. 5 10651. 1
91.10 16610
9615 16 ult.
69061 1065 1
11. 5 161. 5
1610 10666 7
1615 161. 7
16111. 10676 5
11. 5 161. 1
51. 7 10681. 7
5611 161. 9
51617 10691. 1

0——
⁵-—
ἒὈωῆὑ-ωδῦμεῖοωὴοιζλὺωὓμ

:t

469

51. 15

56111. ’
61. 5 .
668 “
61. 14 .
7619 ’
81. 8

8611 .
’8617 ’
upon. .
91. 5 ·
7001. 7 .
700611 “
700616

upon. '
11. 5

.11. 10
1614

16111. “

ΒΞο-ἵὸιοὸῧέἓὲμὲἓωιὲῗόἓ..ε-Ξὲὅὲἱῖἓὲαὲὃὸξὲξοιὸὃμῧὲωξωὲΐξῧμΐαὸἓὲἔέἒιῖ-ι-ἓωξ-*Ξῧὸἔὲ-ι-’ἓὸἓδ
αέῗιὲἓμδιοξὲἓ θεοὲἓέἓέξμξὲαιΞΞὲ-ἓαὲιῗέῐὲἒέἓωξὲἓῖξὲὃῖμ-ιὲἓὸῗὸξῗιαὲὃῖδέ-ε-Ξέΐέὅὲῗι-ἓέεῖιέἒωεὸ831-ιὲδὲ

6
6
7
8
8
8
9
9
640
640
1
1
1.
1
1
5
5
4
4
5
5
5
6
6
7
7
8
8
8
9
650
650
1
1
1
1
1
3
5
4
4
4
5
5
6
6
7
7
8
8
9
9
660
660
660
1
1
1
1
5
5
5

...j-n ¹

‹omnmo-...enno-aS-oe-Qo.eze-nugone-voe-*eaoea

fi·—
ἕ
ἓ

 

