999 INDEX GRAEcm‘rls

· 811888144111444144148184814144118814841481141,14188441418481
8818841418 14811114 84411 8444844144 4111 1444 8114144411 1818811448οί40·
8114844 4811844848. 1918,4. 48) 84· 1444 8881441, 4441811114, 8441414148] 919,
84811848 48811111 844844484148114, 444 18. 4 {dmum-nunbu-
14111 1418,14141141 4818444 41184814 989,11.41444718118144,84444111841
188811 ι’14811844414414141844111· 4848, 9811448418481847141, 441811
84884141484μ141448484ψμα411411119· 118814884011499, 11. 44881144·

ι ·411.44111484814144481414881441414141 148488884118481188414184414140-

’8414144488 4811888141 11488 44 44 18144 141441 81848414444018448 884144
111111111111111 11111, mm?

- 841 448418114894181141891141. 1184144 4414148114148814, 84444114 7418888141-
8444,4118118411848481418418848484 44, 484814, 8481114118, 8418444180
88481444,888411118118411841114488414 411, 441 4 14 81444414 14884 488441-
14418184, 184814884481418144,144· 141. 4114111184 11 minue 4888
4111 4811111848 18114 884414441,11448 91-.689,14. 4414111181, 84
8841498444 1414444, 4414411144 8198· 4111841144, χ41144 1118. 898, 8. 11811
81884448444849,1111.44141811844941 84914 441 44148481 819 4888114441. =
81944888888111184111411811141814 1171, 7. 1411111111 qum
8881844884414811898914488418414 811111,11481ς11811881111441.1914,411.
[84118141111111181114 mmmmmww

·818118111411848118111414411111·11],141411411844811118114884.

4411981148181114418444194141118 4414188414 44818418, 4118444441 ᾖ

mmm-flue 4111111· mmmmm (m.

94μ184488114414144181491441.999,1. 8448844888888144411181.1148441184·
919, 84844841114111141881448111 48114 14,814111,8484148144141’484111,448ιι

81144811, 11884 141811 14 1481114φικ 4 484· 814841141 4 4114111841 88844114 4181 84·
4441414841814814418848418811484444· 8444. 973, 81. fflffl, 89619. aa·
111418 8488418418ῑί4. 1997, 11. 1181881- 1198114811τῆ

μ...,1..11,111....’11111.41 ...mammae Μωμῖἔὲ
91144144811184111191811111444818414

· 84118 1414 8111818411 448818144 481481 4881111414
448444414118811 14 148114 8811118488· 8914 441481188411.497,18.11

· 14488811814884114844444844. 69619. 411 «ede 111 μηρὴγμιη mm,
9448918141191, 1141184184- ‘camme-52⁰ &mum

781141149411181441941840 19604, 17.414814144944,11141889,4114-
8. 4888 88118 44411111 848884444814· 1811448414818441849819.
844, 8441498114, 18811448, 84844444 4414184148 14111448814144844484-
808844464114881884484Ἡ4488 ed. χ111444’8λ441441418ξι8944ὶ18·
mmmmm ..,ᾚῖ 1111111118 1. ..4.
¹¹³ 4194041414 verum ’18914484418484114
4181 1141111 exceptione 7811414 998, 1. pm 84944 4 eim 844 4884814441
· 81414848448484881114111184484884818 9841148184 14414144, 18441, 81 8884
, ,Ὡς 4844 881188844418418848489810814.
4849414148Ἇ 899816.
81181,μ11’11111’484·19184144184111444 44148184 1414189] 8811844, 14814 signibu-
88684948811144814, 4411.8111μ81].4411· 94187.
8444 48118841, 41 1148111444 8118844 4484111841] 1448814811841841144. 48484
14 884 1818 8484844 841144 114848144114414 441 811411 84111048,
8081. 1441184.. mmmmm,
8141411481] 44848118 481488414444818-19.14441ι8181844. 4410411488 14-
144, 4411844484, 8841811114, 4818471148 1141949441 4414119144 «inv 118 fif&- ⁰
8448 8848814814 4418418488 14, 48- 118884148418111148811488844
8884 81 1118484881 1118811148, 84818114· 181 81114484, 8441 48118444 4881184
848 181114 1811888148841, 441 8881 48 81814114818181441181 1881844841 8414-
841844844 848444 4444 8.8444 41844 8114 8881448481. 817 4 811 pt 91414·
9171 9180411911[84814811 14 881118· 4984 mmmm. 141 dn,
188414..114411411484118,111111811”11884] 8888111881,484884111119841411818ἢο,
11814τῆ11μο 11411 minana- 414148 4180114144 11411898
“ 841.ᾚέ111414114144 941, 88.- 8488184481 11181144 ,1,899 19.
9911

mmmmm... 17744414 449 114114* 19ιι ‘¹‘

 

