DEMOSTHENEAE. 959

τ1 11111111111111 mu 11115 1111191. 00511111111. 1475, 1.

1157 7 11111711]Μ]1111111)111111171111111,1111·
‘vmfflnmfflssw offic 71191111 &mmmmm 11171 n·
1111111111] 1111111 11 1111111111 11151111. 1111111911. 954,15. b) 111 mg 11111111.

11919. 1111111111 1111 1911111111, 11111711 1111111511 117111191111311-

391111111ῗὲ’1””’”” ” 1111131111Ἥ111111Ἒῗ
11111111111111] σ1111111χ1 711111. 111111 11111 111 1111111111 1111111 eoquo 1111111. 715,

11151111 frumentum 1111111111 1111111111, 95. ι)11111111,1111111111ι. τ11 171ιὲ

115111111111111111111111111111111111111111 11111 111171111ιμῴη511.71,14.
1111511 1111111111. 881, 96. 11111119111111 mate 17 mh 11111-

«111111μῦ111]1111111111 1111111111771171 71111151.951,18.11111711’111111χ111
1171ιζιμ11111111111111 — 1111 1117 r 1111111111 1111117111 τ111 11119111τὸ1
1111911111τ111.111,18. 111 11111111 1μ1τ11111 1111171511. 585, 9. 11’ 11
7111111111111911111111115511 115111111- 11111111111111111111111111111111111111·
15111111111111111,1111111111111111111111τιῦ.11111711815,8.τω”11111·11111111·
1111111111.386,1111.11-η 111 7111111 911 111 11111711. 819, 9. 7111111 aa
1111111711 1111111961111.851.11.11 1111117111 111 1111111 wia· 1111911111.
7111111111119111, 1111 11111111 111111- 1111111111 11511111111,11111111111 nodus
1111. 517,10. 5)111111111111111111111, 111511111111111111111111,111ω1111171
111 homo 115111, 11111111 1111111 11111111 nu, 51111. 1475, 9.

111151511111111111111,1111111111. πᾶσι 1111111111]18111111111111111111.11111111χ1

1911τ1111 11111111 11171111 mh· 1111111111 11 115111, 1111. 11111111 11111111-

’111111111111113,1111. 111111 51111111.593,15.
11111111111,1111111111111111111111 1111111111] 1111 1151111 17171 W
11111111 1111111111,11111111511111111(11 1151111,1111111117171111η1.19111111,
11151111 1111111111,1111111111 111111 111- 11111161111111111. 1598, 91.
11111111111111111111111111111111 τ1111111111111]111111111111111111111111,151111·
1111111111,11111111 1111111111 1111111. 111ι,11111111151111111,111111111111111111,
τ111111111111111111111 111 111111 1111111· 11111111.1111111111111111 ex 11111111-
1111 1111111 11111 1117 1111111191111, 151111 11111. 11 111 1111111111 111111111117111 117
1111191. 90, 7. 1111 11111111151111 111 111· τιῢτι. 896, pen. 897, 10. 850, 90.
11111111111111911111.115,9.11111111τ1· 871,15. 1171111111 μολὸμηπῦνι
1111111 1717111111 11111101111111111111 11111 11111 μ’11111111.111111111111,
1111111191111111111111111111111 111511111159,5.11111111111111111111,
711111 111119511111111111. 1059, 9. 1111111ι 11111 1111111111 1179,15. 11151
σμιιλιφόπςτΗννῃό 1111111191- 111111 11111 «mptum 1179, 15.
5111111111 11111111 1111111 1111111111 11111 mmmm 1111111151 71111.
111111111111111111115, 17. 198117.

11111111111111. 1105, 9. 1107,19.1’111·ι111μ11ῴι.1,007 7.

1111111111 1111 ,11111111 σ11711.11111111 1111111ζ111]111111111ι11111111111711χ11111.
11111111, quo 11111 uxor 1111 1111111111 111ι11111111111111111111111111111111111·
11111111111111,1111(11111111 11511111 111111- 111 1 111111111111 (11111111111 11111
1111111111111001,16.1017,11.11111 1111111111, 111 oppignerat· 1115 11·

Ἥίἷιῗᾝζῖῒὲἷῖἑ 11171. ..ἕ.ὶ”11’.ἓ.’]’.ῗ.’7 1’.” ” ..1111
1111111111 151111111111511111111 ’1111 11111 11111111 um 111111111-
aigne· 01111111 111171111111 1111111111- 11111 τιύτινς 1111111111111111. 795, 15
1151111151[111111111111111111517111111111111111]1111111711111τ11·117111111[1511.
51111111111111111111111111111111 1111111111 11 11111] 1111 «1111111111 [1111. 711111 1957,
1111111111],948 19. 1111171111 111111 18.
1115’1”51’,.131.1”1’11’ἱ11 ’191911111911911

111111111111111111603,11111.Δ τιιιτ1 τ1116111111597, 1111. 5)’ )-111111

111111μ111]11 1111111111111111151. 11111 1111115111111111111111 1111911171

1115111111,11111111111111111111,111 11111 et 111 mmmm 111111 111111. 550, 95.
contemptus 1111111111, non 1111111 11111, 11711111111111111111111111111111. 1111111-
md 1111111. 95911179, 5111111111υὲ ea 1111111111 1111 111151115111111111111111
1111111111111111η11.189,14.111111 11115111111111111111111111 1511111111
1111111111111111τ11τ11785,15.11111 ’17 gwm89519. 111111111111717111111,
7111111 1111 1111111111, 1111111 1111111111· 111 1111111111’ 111τὸ1 χ1111“ wey 'Urget-411
1111111111.1599,.111191111171μ11 1111.57,7

711111111111115111111111111.1111111111,111111111111.71·χύ111 58,10.11111111,111111·

 

