366

AQ fflm‚ffim
166 2. 2231. 10 3211. 2
,6 21 ,41. 15 11110
,401 2 δ’, b· ⁴
51 6 11ω
51. 13 3231. ’3
hmwiml
,61. 2 3241. 9
Μ 3117
-71 w 35& 3
71. 19 11 d. 5
Μ 4Μ19
61 12 11. d. 8
. 31. 111. 3271. '1
91 5 111. 2
9ο. 14 3231. 5
Wussiml
2301. 3 3191. 2
1171Μω
,11 15 3301. 2
11. pon. 11. d. 3
,21 3 3311. 1’
,2 1. 13 11110
,31. unt. 3321. 2
3131Μ9

3³²?-

a·
’53

QoeoeQQmommos-gommg‘ss
ι’ῗιὸβὲῧυι

Όὶοωωωηῆοι
κεξεαεεξ
Φῆοιζῧιρωᾰομ

μωμ-

moze-neo00noeozffl——to-Q?*evomo-*nfimunzooo-o-e- -

41

p. 393
400
1
2
3
4
6
6
7
,⁸
9
0
1
2
3
4
6
6
7
3
9
420
1
2
’3
4
5
6
7
3
9
430
1
2
,3

, ,4
5
6
7
8
9
440
1
2
3
4
5
6
7
3

’ 9
460
1
7
3
9
460
1
2
3
4
5

Ὀ
...ιο
’Β

ἒξ

ωῄεηεεεεμᾱαεᾲεῇπεεᾶωπὲεῧὲεεηκεεεεμεὲεὲῆεαεεεέἓ,εέΰεεὲεε

ὈωηοδαοΩ-Ε...

ἕ
τ

,41. 9 3331. 3
· 41111. 111. 1
,.51. 3 3341. 6

51 11 111. 5

5ο. 19 3351. 3

61. ,5 111. 9

61. 11 3361. 1

71 15 111. 9

71. 1 33711. 10

31. 5 111. 6

31. 11 3331. 6

,31. 17 111. 2

91. 2 339 d. ’7

ρυιοοτορζνιθιζοὲο
&fiam

0⁸00&
u-—n-—n—

Ξ

ἑθῐοωωῆῆῇθὶζτιυῑυρῥ
..Ὀ

ὃιοιοοοωω-ἱοιοιςκυιιμ-ε-ωοοιομ
ἔμειξε.. ..Ξ-ω ιο

ΟΦ
ι-ιι-ι-ομ

§tonsus-s}

9ο. 3 111. 5
2401. 14 3401. 7
whm MA

. 11. 4 3411. 6

lb. 9 111. 5

ΘὉωοδοΙῠ-ωημ

3

11. 10 3421. 5
-11 ult. 111. 2
2ο. 6 3431. 2
31. 10 11. d. 9
31. 14 3441. 3
31. 111. 11. d. 6
41. 2 3451. 4
4ο. 7 1111. 2
51. 12 11. ult.
51. 17 3461. 7
61. 3 11. pon.
61. 11 341 ο. 6
3721. 10 541 1
11. 9 11. ο. 7
Μ11Μ13
3631. 111. 11. d. 1
h lma}
41. 3 111. 9
41. 10 5441. 1
4ο. 13 111. 7
51. 1111.- 11. ult.

ἓὈἺΦΕΠιβωδβι-Ιὴ
§gazeo

ἓὶοωωήῃοὶοῦῦιὺωωωδομμ
8..
0-—
οιωδ.

2⁰5
ει
0³3

tae
20*aess
3232}ssae
’ἔῧεῧιοω

»ΞὉωῆἶοὶυιρωΙ-δμ
ΞΞΒωΞΓ-Ξέῗιέμτὸ
10oe
&Q

 

