199

1611116111 11116 11116 interpretatio-on
1611116661. 1111611 611 6161. 111 0111111116-
061661 61161161161 Pollux IX. ³9. 1166
061116 0611116111 p. 1170,16.
6161111616] 1111111, 111 111 1611111 111 611χ6
azymum, 611 11 1111 11 1 1111 1111161
11161111116661. 419, 17. 6116161111 hp-
611111. 566, 7. 11 ’11 6111 1111166161 6161-
111661111666116611111611 (11111101 6110 Βο-
dm 666111[11 66110 611 1111111611 mund}
1175, 7..
111111μ6μ6]116116μ1μ666611611.11 «aava
661 1166616 661166111611. 85, 15.
ohgr 111 11 116116111111111116061. 610,15.
11111] 611 11611111 1111111 91961111 111111. 10,
10. 1ξ161166 111 11111611. 1058,10. 161·
11111161 1611111611 161 111166 116Ἀγ1166,
16111111 111111169161161. 1075, 10. χν-

11161111 6666111116

1661611111 16161 6611616166161. 1091, 0.
dog 1116171116. 6616161 6111, 6661116-
61161,1111111661161, 66011166161 66111 16
juro 1161161611006, 11. 1111 111 1161
[11616161 1661, nil 161661, 611 66611161]
1161 1111 liuva 1111011111. 1109, 1. 11)
exempli 161116. 11111 16111 11 6111111
111111, 6161 {fnum πολέμου. 18, 7. 611111
γὴιῖπὶκῶκηῦτοῦτῶ 111161. prum
1 16 16311 16166611οἱ16. 519, 11. 611
1116611111 61666] 1611611116 11111 16111
6611111 111111. 1106, 0.
11961]161611111161116111χ166160111.
’11111661 eornm 61111666 61111 obstrin-
111, 61 quoquo 161611, 1111116111,61111611
1161 (1616666666 161 16116 6611611 61
1161111 quoquo 1611. 189, 16. ᾢχιτι 11·
1011 11611111.146,10. ὄνθ’ firm 11131
Ιὅχνηι 16861. 017, 10. ᾆχὸμπ 11 ηἶ·

, Γ1116611111161111166161111611χ11,661 'yram 16116μ6111.416,15. . .
1111611 166116 6611111111. 1056, 4. 61611 6161116061] 1161166611 6666666166 1111116-

[16611111116, 1666111161, 116111616116]16·
16111616, 1 1164161611 καταλειφθέντες, 11
τοῦ μισθωθῆναι 1161111161161116616111
mbas. 03113.

61116111] 691661 1101116161 6169111161. 173,
10. 1111111161 61μ1ιλιμ11161111Α73,

1161611111] 161116 (116611 66611616. 1111111
τῇ 6116611111 61 1611611161161. 05,10.
Ze 1161661111 11 61116111 161111. 1899,

1111161111] 11161 6116666116 ede mlh
1116111 τοῦ 6616161111 1161 11116161 1111611111
1111666111. 1371. 14.

11111111] 6116811611 11016616111611611, 861,
14. 6161116616 161611 1161111166111611.
1300, 7. 6111611616 11 1111116616 viv·
6611γ11116110111111. 1311, 17.

161 1116611661 06111616, 06 116 06660616.
11 6111116616Ι lv ’111 a& μὶλλιν, 1 ren·
6111 8111611. 794, 5.

1661116116116611 alme 1161

munla γ161161. 14,10.18,17. 161ὃ,
μὴ &bfo 6161116911 111611. 170, 16. 11·
1116 61116161 11111661 0111, 6111 humul-
111111. 191, 5. 11611111611111161161161
11616111. 7014. 1166111111611661611-
1611111116.711,10. 611611 1111 1111111661·
«caesa ’11 1111111166 1668616611. 950,
16. 1611611116666111611111116
669161611614603. 1661 1111111111 1611·
111116 11. 1159, 10. 1 61111661 1111661,
’16611 661 111161 φνλάξιιτ’ lv. 1409,
‘'”ss‘ffliffiffl 11111.

‘ 11μ61]61161161611161166,61106 61111, 6111 11111ὅ11161611911.160,14.
1 61111.1λλ’,61μ61,16661611111.961,7. 6666611161116χ1611]11161191116λ111666-

1ΐᾶ 1111011111 611111. 690, 13.

11 ’111]66111116666166110161611611·ῗίλῑῐῖἐηῑὲῑῗῗιΙ ,ιθ Mis ‘mn
m 6166 116611 61, 0¹2⁹

161... 1111. w

11111111] 1111661 111666611666611666938,
6111111.. 1111, 15.

011116611 1111616161. 307, 15.

11111] 111161 1111611 1111111661 11 191 6111

mannam. 1111, 1.

1. 1009, 13.

1111111 611111, 661 1ξ1111116116961.111·
&poc 1161111111. 119, 0. 11169111 mapa·
1111. 169, 19. 611 11 1161161111 1111
1110111. 501, 1. 111 1116911161 γι, ἄλλ’
11191661. 6611111661. 600, 6.

huic 11661, 111 1116611961, 1111 119, 661 32⁸th μιζ, κβ 5³· ¹9³⁸ τὰ W

016111,1161 11111ιῖ11, 1161 B( ἂλλαη 611111
vam 6611616661. 935,7. 11161161 11111-
msam. 11111 0111111· 111 11 nram-ea
[11111 1116611111 1111 1110161116] 1046, 4.

χ161 1χ11161, 11111 11111 ’ὣς 1111611. 1611.
10. ‘mmuh 111 16161616
66. 195, 111. sqq. 111γ61χ16 66616 1111·
611616 0661166161. 1011. 1.

1ιῆ diffid-

611611 6111111111 marn [pro 1111161611] Quande] 11111 1111161111 ehu, 111* Cn·

926, 6.

1111] 111111 11111661 1166 11 1111116961. 2³,
5. 6111 τ’ 11 6110111. 1611161161, 6661116161

1611. 60 616066 1116666166 eju·
{aegni‘ubi 116661 0661666161 in 1611.

6611660616. 641, 6. 1111611111-1161111. 111161] 111161 111 161111 «42³⁸, 166 adm-t

6111. 1161611, promti, qui 0611616661
616616- 6111116. 770, 13, 61 16. dx,
101 μὴ 61111161λο11611111111,1111611111.
701, 0. οὐχ 1111 τ’ 11 1111111111. 16 1111-
6616616 impetun-e 1166 11616161, 61

611, 1116166166 11 11111,1111.χςι’111,161
χοίρῳ, 661111ῃ,6111 61111. 9110. 61 111

’111111ιῇ amantias. 1³96, 21. 111111·
6911111111 ’16111 11 01116161 1111161166611.
1111111116. 106911.

 

