322

111111 1111111169, 181610, 18.

11111111 1111111111 jun 1111111Ιί1 111111
1111111 exigendi iu 1111111111. uum

' Philippo 11111. 6118.. 1111111111 11-
11111111 1 111111 11 optimu· muniit.
168, 18. 111111 1111111 1111111 uun
11111. 11111111. 191, 11.

811111, 11111111 111111 111ςί111. 588, 9.
8111111,111111111 1111111111. 611, 11.
8111111,0111111111111,1111111111111 111·
8111111ΐα11111111111. 18611111.
81111111111111111. 958, 14.

8111111, 1111111111111,11111 1111111-

1111111111 11111111 p. 101, 1811111-
timu 111111111111111111, eumque gu-
1111111111111 1111111111 11111111 111111
1118111111111ζ. 1. 811111.

INDEX HISTORJCUS

11111181111111.411,15.11188.6.
11111111111111111111111111μ11μι,1111
11, 111 1111111111 11 11111 11111111 111-
1111111 unua veluti 111111 111 1111-
111 11111 1111111111 111111. 765, u.
11111 111 111 1111111 11111 1111 111-
111 onumen-mut 11 1111 111111. 610, 7.
807,11. 111111 1111, 11 1111111111,
111 11 1111111111 1111111111 1111, 111
111 111111 1111111111, 11 111111 unium
mundium 11111111 1111111188, 10.
11111111111811111111, 111 111, 11111-
111 11 111111111111 1111111111 profusu-
11111 11111 1111111111, 1111111 111111
11111111 11111111111111111111 111111-
lim uiuitur. 1416, 8. 111 1111111111·
11111111111111111ς 111 11111 111
1111111111 11111, 11111111 11111111
1ο11111111111111μ11ς 81111111,

ἰ1111111,11111111111; 1111111111111; 11, ’

quud 11111 111111 11111, 1111111111111-
111181111111,11 1111111 (hade 11·
1111111111 fuit 1111111.

8111111, 11111 11111111. 1. unu-da 11 81111,1111111111111.1110,17.
1111. 11 11111111. 111 11111 ’1111111111 81111,8111111111,11111111111111111 111-

1111111111.

11 1111111111 1111 811111. 1018, 4.

8111111, 1111111111. 1860, 10. 11 peu. 81111111,111111111111181111,111111111111,
811111 (1111 1111111 11 8111111 1101111 111111111111111111111111111111,111
rupium 111111111, 111111 11111111 111 impotenti· 111111,1111111.587,15.

1111111111. 578, 18.

8111111, 1111111111, 181111111111111.

1104, 1.

Sophiam 1111111 nunt 11111 11111 uulgo

1111 11111 0111111 1111 1111111111. 1116,

811111, 11111, 111111 111111 11111111. Sophoclis, 111111 tragici, untigm 1111-

114, 6. 11111111 Attio· 1111111. 1111.

1111111111. 418, ’1. 11 10. 111 1111111
1111111111.

81111 ,1111111ιὶ11 1111 in 1111111 11 111· 81111111 [1111111111111111 11 1111111111-

lippum 1111111 11111 1111111111111111,

111 0111111111. 810, 9.

11 111111111111111111481, 11. 81111111, 1111111111. 958, 15.
811111 11 811111, Intimi, ’1111111111 8111111111,111111111111111959, 16.
putrium Philippu 111111111111 111, 17 . Sosistratus, 11 Eubu- Philippi 111111111.

11111111 uuum· 11111111 pru 111111.

814, 1⁷.

1851, 181881. 6. 11111111. uum de 811111111, 11111 8111111111, 111 111111

11111 Alea-dmm 111111 111111.
8111111, 1111111. 814, 11.
Sinope, 11111111. 610, 11. 1885, 1.

11111 11111111, 11111111111111 egit. 1061.
1101111 1111 1111111111 11. 1050. 11 u.

81111111,111’1111111 111111111111111- 811111111, 111111,11111Ρ111111111 111111-

111 Atheniensibus. 161, 8.

1111 1111111. 161, 10.

8111111, 11 rogationem 1111111111 111111 81111111111111111,1111ῑί111111. 919,15.

11111111 1111111111. 578, 17.
8111111111, furtu 111111, 111 1111111111
0111111111 prodidit. 671111.

8111111011111111, 1111111 1111111111

1188111111 1111111111 111111 11111111.

8111111111 11 1111111 1111111111. 401, 1. 8111111111, Eubuli 81111. 1159, 1.
81111111, 01111, Philippo 1111111. 1111. 8111111111,111 (1111111111 1111 1111111

81111111, 11111111. 814, 11.
81111111, 1111111111. 95811.

1111111111. 1358, 8. 1111. 11111 111
1111111111.

81111111, 1111111111, 1111111111 11111· 8111111, in 1111 1111111111111111111.

1111. 1415, 1.

1018.1111.1081.111111111111111111

8111111111 1111111 11 1111,111(11111111“ dm in matimonio 11111,
Ρ1111111111111111111.1851111111· 8111111111, 111111Ιί1 61111, 1111111111.

11111 ejus mugiumluu. 1186, 10. iuui-

1104, 1. 11 11111 11111 11111 111111

111111111111111, 111 Timotheus 1111 1111111111111. 1101.1111.1187..1111-
1111111111111111 Pelepuuuuuiuu 1111- 1111111 11111111 1111.

111.1197,17.

81111111181111111111. 185116. 11111111

81111,11111111ο111111111111.1111111111 Nem, 11 quoa 111111 1111111111 tou

 

