358

11111. vnis. 11611. 1111111111. 1111111. 111111111111.
p. 605 590 16 251 6 41111111. 705 e. 8

4 116 225 51. 5 7041.·1
114 . 5511 151. 9
1111. 51. 18 7055. 6
45. 1 151. 4
41. 7 706 b· 6
51. 11 151. 2
55. 17 707 5. 2
51. 111. 15. (1. 9
65. 6 7081. 9
61. 11 15. d. 5
71. 15 709 a. 5
75. ult. 15. (1. 2
81. 4 7101. 5
05. 9 15. (1. 2
1111671111

οἱ
SQQQQQ
ὤεα·
32:33
’δ’-ὀ

33.-

Ε.

ἣΦΦΟ-Οῑυῐῠὺ
Quot-8⁸*-

ozaeassssaez
3223:ae
ε

ωῆοιαρυωμ
..-

m
μου-’πῆ

91). 4 715 1
91). pon. 7161. ,5
430 5. 7 15. (1. 6
450 b. 14 717 1. 6
410 1. 111. 15. (1. 5
15. 2 m 1. 2
101 7 ἢ· 0· Β
11. 10 15. pen.
15. 14 7991. 5
51. pon. 15. 1. 1
sb. 5 7501. 1
51. 10 15.1. 10 ·
41. 15 7515. 10
45. 111. 15. 1. 7
51. 3 752 5. 6
51). 11 11). e. 5
51. 111. 755 5. 9
65. 5 15. 1. 8
61. 11 754 5. 10
71. 1111. 151. 10
71. 2 7551. 2
81. 9 151. 2
85. 16 7561. 1
81. peu. 15.(1. 5

. 95. 5 757 5. 9
91. 19 15. o. 8
1 20 4401. 17 788b.10
4401. 1 151. 7

11. 5 739 b. 7

lb. 11 15. 1. 4

0 10. 15 740111 ⁵

, 11. 111. 151. 1

20. 4 7415. 1

51. 10 15. (1. 9

55. 16 7411. 10

51. pen. 15.(1. 8

4b. 6 745 1. 6

41. 9 15. (1. 5

51. 16 7441. 4

51. 1 15. (1. 1

. 61. 9 7151. 4
65. 16 15.(1. 4
7· 1. 1 7461. 5
75. 7 15. (1. 4
71. 14 7471. 4
81. pon. 15. (1. 9
81. 5 7481. 5·

g .

μ
*02⁴0

'‘E'‘-
Ξ.

Ξ-

3⁴⁵2——

5-
—tqesoees-n-—v—

oeQozoussono-ngso

'320

,μαι-ιω
· 000³oe

’Ξ
ΘΟὈὉΦΦῆῇΦΘὶυῑΟῑὺοβ-ωῠῠμ Ωοῑοωῆἢθδσὶυι
Ξ
Ξῧῐοωυὶυὲὺ.

1
1
1
⁵
⁶
1
1
9
111
1
1
,1
1
⁵
1
1
1
1
111

tv·
’ξ
mest—¹?

ὉΌΌωωςῖησὶοιοὶῡῑυιὺὧρωωωηψι-Αμ
εὲοωῆἶοὶζκὺωξθμὲὉὴοδυὶ-ῠωῳμ

ἓεμεωεεξεὉεεὲξηκεέἓωε

*3²2
-200
..ae-3

ῆοιοιυιῢιυοριβωωεοῡθο-δμ
*du—*hund*

ιο
Ξ-

οψιοοοοο
ὃῗέἓῗῧὶἓδζὲἓῒὸὃέἓῗιίἰὲιῖἓέῧῧὲἒῧδῑὶυιέἓὲἴίἳξὲἓέ-Ὲὲἓ’ἔὶἓὲῧὲἒὸἓξὲξ-Ξ 5·ιὲῧὸ

3ss
ο

QSOEQOOGDmmmfffflflwnbooo—-oeeffi

qmw*a„„}

oto-*usmmtoton-nu-n»

*tonza-*mtegzooeqezo-ffi—“to
αῶωὲ μι-ιι-α-ι

ῧῖῗόἓ

 

