371 ι

111111 Parin. 31111111. 1711111.
11119 77516 1191111. 118 1. 1
1160 531 15011 1110
6 9 150111 1191. 1
6 16 11. 17 111. 10
7 1 1071. 10 119 6
711 upon. 1901. 9
81. 6 ib. 111.
91. 13 1911. 7
91. 7 ib. 111.
1101. 10 1911. 9
1101111. 1911. 1
11. 5 111. 1
1111 1911. 1
11. 17 111. 10
11 1 1961. 1
31. 5 111. 7
sb. 1 1961. 6

QQQQQQQQ-D-

Ξ
0
q

Q

ηψωεεπμεεεξὲαψεεέεμεακεε

8111 111. 1
1115 1971. 7
11111. 111. 6
sn. 8 1981. 8
5115 111. 7
61. 1 1991 ³
6111 111. 1
§apem 1001. 10
71 1 111. 7
71. 7 1011. 7
11 1 111. 1
81. 3 1011. 10
91. 9 111. 7
9116 1031. 1
111. 1
1011 1
1111.

.-
’.λ’
&cosroen->enton-

μ

1
1
1
1
5
6
7
1
9
190
1
1

...υ-

111111 1111111111 er. 0111, in Am qun 111 Divi 1111111.

 

